% Moku:FrequencyResponseAnalyzer
% Input 1 - DC coupling  50 Ohm impedance  10 Vpp range  output load 50 Ohm  amplitude 5 mVpp  offset 0.000 0 V
% Input 2 - DC coupling  1 MOhm impedance  10 Vpp range  output load 1 MOhm  amplitude 100 mVpp  offset 0.000 0 V
% Logarithmic sweep  calibration off
% Averaging time 10.00 ms  1 cycles; Settling time 2.000 ms  1 cycles
% Measuring fundamental  phase difference between channels 0.000 deg
% Internal 10 MHz clock
% Acquired 2022-08-23 T 15:54:04 -0700
% Frequency (Hz)  Input 1 Magnitude (dB)  Input 1 Phase (deg)  Input 2 Magnitude (dB)  Input 2 Phase (deg)
1.00000000e+07  -4.3785e+01  -6.7679e+01  -7.6269e+01  -5.8802e+01
9.90336921e+06  -5.4187e+01  1.1444e+01  -8.5451e+01  8.9200e+01
9.80767217e+06  -5.7229e+01  -1.9364e+01  -8.7295e+01  4.7006e+01
9.71289986e+06  -5.4495e+01  -2.3071e+01  -8.7611e+01  -9.4101e+01
9.61904334e+06  -5.7727e+01  -6.9185e+01  -9.8828e+01  -8.6113e+01
9.52609377e+06  -5.4552e+01  6.6125e+00  -9.0451e+01  1.0755e+02
9.43404237e+06  -5.6934e+01  8.5089e+00  -8.4100e+01  3.5654e+01
9.34288048e+06  -5.1698e+01  1.5320e+01  -8.5857e+01  1.4130e+00
9.25259949e+06  -6.4401e+01  -7.2422e-02  -9.1090e+01  -3.9473e+01
9.16319089e+06  -5.4975e+01  1.1816e+01  -8.8629e+01  -1.4252e+02
9.07464625e+06  -5.8198e+01  4.9965e+01  -1.0113e+02  1.1634e+02
8.98695723e+06  -6.2804e+01  1.0650e+02  -9.6509e+01  -1.1908e+02
8.90011555e+06  -5.4449e+01  3.5208e+01  -9.3973e+01  1.5721e+02
8.81411303e+06  -5.8688e+01  1.0128e+02  -9.0488e+01  9.6180e+01
8.72894156e+06  -6.0127e+01  6.5202e+01  -8.4849e+01  4.5327e+01
8.64459311e+06  -5.9194e+01  4.1020e+01  -8.7869e+01  -1.4700e+02
8.56105972e+06  -6.2506e+01  -3.6338e+01  -9.3499e+01  1.6848e+02
8.47833353e+06  -6.1561e+01  9.6344e+01  -8.9430e+01  -7.4194e+01
8.39640672e+06  -5.6497e+01  4.6064e+01  -9.4143e+01  8.2934e+01
8.31527158e+06  -5.4287e+01  3.9667e+01  -9.0269e+01  -1.7897e+02
8.23492045e+06  -5.4461e+01  3.8044e+01  -9.2102e+01  -7.2777e+01
8.15534577e+06  -5.5773e+01  2.3578e+01  -9.4231e+01  -1.4470e+01
8.07654002e+06  -5.6090e+01  -2.5663e+01  -9.8580e+01  -1.5455e+02
7.99849577e+06  -6.1542e+01  6.9237e+01  -8.6708e+01  -5.7312e+01
7.92120568e+06  -6.3747e+01  2.9479e+01  -8.4348e+01  4.4497e+01
7.84466244e+06  -5.8261e+01  8.6624e+00  -8.8079e+01  -1.7520e+02
7.76885885e+06  -6.2530e+01  2.4060e+01  -9.4601e+01  -6.5940e+01
7.69378775e+06  -6.3747e+01  1.6675e+02  -8.3514e+01  7.8768e-01
7.61944208e+06  -5.6758e+01  8.5257e+00  -9.8123e+01  -7.5568e+01
7.54581481e+06  -5.7624e+01  7.2637e+01  -8.9286e+01  -1.2971e+02
7.47289900e+06  -5.5550e+01  5.7264e+01  -1.0113e+02  -7.6881e+01
7.40068779e+06  -4.9490e+01  -9.5206e+01  -8.5245e+01  -1.7706e+02
7.32917436e+06  -5.5148e+01  8.1641e+01  -9.6081e+01  -1.1271e+02
7.25835197e+06  -5.3351e+01  3.4285e+01  -9.5112e+01  -1.4384e+02
7.18821394e+06  -5.4159e+01  -1.6180e+00  -8.9174e+01  4.1819e+01
7.11875366e+06  -5.2988e+01  3.5298e+01  -8.6177e+01  -3.3977e+01
7.04996458e+06  -5.4230e+01  -2.3000e+01  -8.5005e+01  6.1394e+01
6.98184022e+06  -6.6052e+01  -6.3525e+01  -9.1265e+01  1.5595e+02
6.91437415e+06  -5.6402e+01  7.9222e+01  -8.7259e+01  -1.3424e+02
6.84756000e+06  -6.1902e+01  -4.2433e+01  -8.9519e+01  -5.0377e+01
6.78139149e+06  -7.2778e+01  6.2957e+01  -9.3004e+01  -1.6326e+02
6.71586237e+06  -5.7096e+01  4.9272e+01  -8.7592e+01  1.6658e+02
6.65096646e+06  -6.5215e+01  -4.5374e+01  -8.4738e+01  -3.8111e+01
6.58669765e+06  -5.4681e+01  1.2556e+02  -8.6177e+01  1.7156e+01
6.52304987e+06  -7.8093e+01  -3.0896e+00  -9.5451e+01  -2.0192e+01
6.46001712e+06  -5.5540e+01  1.9414e+01  -8.6983e+01  -6.3461e+01
6.39759347e+06  -6.7448e+01  1.6546e+02  -9.0488e+01  3.0460e+01
6.33577302e+06  -6.0705e+01  2.3260e+01  -8.6900e+01  -1.7921e+02
6.27454994e+06  -6.7229e+01  -8.5474e+01  -9.3280e+01  -1.7547e+02
6.21391847e+06  -6.0240e+01  -6.2816e+01  -9.0880e+01  -2.0520e+01
6.15387288e+06  -6.1561e+01  -1.0657e+02  -9.3004e+01  1.3368e+02
6.09440752e+06  -6.4401e+01  -2.3586e+01  -8.9401e+01  -2.2684e+00
6.03551678e+06  -6.1103e+01  -1.1638e+02  -9.3004e+01  -8.1618e-01
5.97719511e+06  -6.1965e+01  4.9946e+01  -1.1113e+02  1.1517e+02
5.91943700e+06  -6.5789e+01  3.3977e+01  -8.2701e+01  -1.3393e+02
5.86223701e+06  -6.1245e+01  1.5276e+02  -8.6122e+01  -3.4080e+01
5.80558975e+06  -6.2804e+01  8.1492e+01  -8.9993e+01  -1.1429e+00
5.74948988e+06  -5.9793e+01  3.2877e+01  -8.3866e+01  -9.7153e+01
5.69393211e+06  -6.0341e+01  1.6925e+01  -8.6983e+01  -2.0803e-01
5.63891119e+06  -5.7719e+01  5.0107e+01  -8.8985e+01  4.2031e+01
5.58442195e+06  -5.8629e+01  9.2586e+01  -8.5570e+01  1.8295e+01
5.53045924e+06  -5.9008e+01  5.9818e+01  -8.2102e+01  -4.8617e+01
5.47701797e+06  -6.9768e+01  -1.5610e+02  -9.4143e+01  1.0691e+00
5.42409312e+06  -6.0429e+01  1.0008e+02  -9.4601e+01  -1.2704e+02
5.37167968e+06  -6.4114e+01  8.6456e+01  -9.6509e+01  -1.7205e+02
5.31977271e+06  -6.3439e+01  -1.3164e+02  -9.7153e+01  1.9676e+01
5.26836733e+06  -7.6052e+01  1.1449e+02  -8.4204e+01  -1.6467e+02
5.21745868e+06  -5.8474e+01  1.1881e+02  -8.9401e+01  -1.4878e+02
5.16704196e+06  -5.8261e+01  1.7719e+02  -8.5974e+01  -1.1070e+02
5.11711243e+06  -5.4571e+01  3.3182e+01  -8.5844e+01  8.2127e+01
5.06766537e+06  -6.4912e+01  -1.1213e+02  -8.2560e+01  -6.0005e+01
5.01869612e+06  -6.3124e+01  -9.7985e+01  -8.9993e+01  -1.1134e+02
4.97020006e+06  -6.7021e+01  -1.2972e+02  -8.6983e+01  1.1053e+02
4.92217263e+06  -5.8599e+01  1.4263e+02  -8.7241e+01  -1.5938e+02
4.87460928e+06  -5.6650e+01  6.8743e+01  -8.5005e+01  1.1389e+02
4.82750555e+06  -6.2138e+01  -5.3001e+01  -9.0488e+01  -7.0717e+01
4.78085698e+06  -5.5708e+01  -4.2139e+01  -8.6646e+01  1.4543e+02
4.73465918e+06  -6.1103e+01  -1.6333e+02  -8.3514e+01  5.2029e+01
4.68890780e+06  -5.8261e+01  -1.7207e+02  -9.0305e+01  -1.4785e+02
4.64359851e+06  -5.6201e+01  6.6928e+01  -9.0962e+01  -7.2076e+01
4.59872705e+06  -6.7229e+01  -1.0346e+02  -8.5145e+01  -1.3613e+02
4.55428919e+06  -5.7352e+01  9.4299e+01  -1.1113e+02  -6.6522e+01
4.51028073e+06  -6.3715e+01  -1.3937e+02  -8.5245e+01  1.3460e+02
4.46669754e+06  -5.7532e+01  -3.9142e+01  -8.6900e+01  1.1845e+02
4.42353549e+06  -6.1484e+01  -1.5735e+02  -8.6835e+01  -3.7379e+01
4.38079051e+06  -6.4552e+01  5.3484e+01  -8.8752e+01  -1.7645e+02
4.33845859e+06  -6.7229e+01  5.9765e+01  -8.6464e+01  1.0628e+02
4.29653572e+06  -6.2778e+01  9.2470e+01  -9.3004e+01  -2.2876e+01
4.25501796e+06  -5.5435e+01  -1.0305e+02  -8.2274e+01  1.5855e+02
4.21390138e+06  -7.9062e+01  -8.8456e+01  -8.8277e+01  -2.8713e+01
4.17318212e+06  -6.4114e+01  9.2247e+00  -8.6524e+01  2.6992e+01
4.13285633e+06  -6.5083e+01  3.3191e+01  -9.2808e+01  -1.0771e+02
4.09292022e+06  -5.7562e+01  1.5913e+02  -8.9519e+01  -4.7886e+01
4.05337000e+06  -5.8955e+01  -7.8576e+01  -8.8556e+01  1.2319e+02
4.01420197e+06  -6.0596e+01  6.1321e+01  -9.0164e+01  -3.7890e+01
3.97541242e+06  -5.8718e+01  1.1139e+02  -9.0602e+01  -6.2638e+01
3.93699770e+06  -7.6052e+01  -1.5130e+02  -8.5416e+01  4.9506e+00
3.89895418e+06  -5.6292e+01  -1.7966e+02  -9.1839e+01  -3.1280e+01
3.86127827e+06  -6.2988e+01  -6.6179e+01  -9.4601e+01  9.5386e+01
3.82396644e+06  -6.8093e+01  -1.2171e+02  -1.0414e+02  -1.4015e+02
3.78701515e+06  -5.8599e+01  -1.7454e+02  -8.2701e+01  -7.8661e+01
3.75042092e+06  -5.6907e+01  1.7223e+02  -8.5005e+01  -1.7542e+02
3.71418031e+06  -6.1902e+01  2.5652e+01  -8.3825e+01  5.1910e+01
3.67828989e+06  -5.8225e+01  -1.6244e+02  -8.1678e+01  1.0203e+02
3.64274628e+06  -5.9858e+01  1.3528e+02  -8.9798e+01  -4.2977e+00
3.60754614e+06  -6.2804e+01  -1.0491e+02  -8.5016e+01  6.1001e+01
3.57268614e+06  -6.3351e+01  1.0523e+02  -9.1839e+01  1.5275e+02
3.53816299e+06  -5.6650e+01  -9.4697e+01  -9.5112e+01  -1.5044e+02
3.50397344e+06  -6.2227e+01  -1.0395e+02  -8.9489e+01  7.0240e+01
3.47011427e+06  -5.8599e+01  -1.4183e+02  -8.9430e+01  1.2415e+02
3.43658228e+06  -7.2072e+01  -1.6511e+02  -8.4849e+01  -1.1571e+02
3.40337431e+06  -6.2029e+01  7.8603e+01  -8.6900e+01  4.9933e+01
3.37048724e+06  -5.9319e+01  -1.5469e+02  -8.9489e+01  1.2750e+01
3.33791796e+06  -6.2506e+01  8.3108e+01  -9.7154e+01  -1.8035e+01
3.30566339e+06  -5.8799e+01  1.8981e+01  -9.1090e+01  1.1731e+02
3.27372050e+06  -5.8688e+01  -1.3234e+02  -8.9798e+01  6.1922e+01
3.24208629e+06  -6.2804e+01  5.1540e+01  -9.6509e+01  1.4072e+02
3.21075775e+06  -6.3351e+01  -8.0908e+00  -9.2102e+01  -1.7966e+02
3.17973194e+06  -7.3943e+01  1.7121e+02  -8.5705e+01  -1.3957e+02
3.14900594e+06  -6.4114e+01  -1.4677e+02  -8.2251e+01  6.0616e+01
3.11857685e+06  -7.0031e+01  1.5596e+02  -8.8277e+01  1.4122e+02
3.08844180e+06  -6.7229e+01  5.8825e+01  -9.1839e+01  -8.3510e+01
3.05859794e+06  -6.8093e+01  9.8966e+01  -8.8123e+01  -2.7904e+01
3.02904247e+06  -5.6783e+01  1.7257e+02  -8.9038e+01  -2.9809e+01
2.99977259e+06  -7.3042e+01  -7.6695e+01  -8.5546e+01  1.0029e+02
2.97078555e+06  -5.9062e+01  1.3831e+02  -8.4679e+01  1.4164e+01
2.94207861e+06  -6.0031e+01  -1.6978e+01  -8.9519e+01  4.8239e+00
2.91364908e+06  -6.3124e+01  3.6366e+01  -8.8461e+01  -2.8272e+01
2.88549426e+06  -5.8599e+01  -1.6862e+02  -9.2048e+01  -1.7406e+02
2.85761150e+06  -5.7360e+01  8.4682e+01  -9.4231e+01  4.1445e+00
2.82999817e+06  -6.1209e+01  -4.7829e+01  -9.5570e+01  9.2365e+01
2.80265168e+06  -5.7229e+01  -6.8027e+01  -8.4768e+01  3.5820e+01
2.77556943e+06  -5.7352e+01  -1.1032e+02  -9.3004e+01  5.9113e+01
2.74874889e+06  -5.3693e+01  7.3093e+01  -8.8461e+01  1.4110e+02
2.72218751e+06  -6.0474e+01  1.7542e+02  -9.3004e+01  1.4567e+02
2.69588279e+06  -5.8799e+01  -8.2241e+01  -9.5818e+01  2.4686e+01
2.66983227e+06  -6.5589e+01  2.4049e+01  -9.0305e+01  -7.9560e+00
2.64403347e+06  -6.5215e+01  -1.2358e+02  -8.4100e+01  -1.6876e+02
2.61848396e+06  -6.4011e+01  -5.6265e+01  -8.3777e+01  1.9699e+01
2.59318135e+06  -7.8093e+01  1.4054e+02  -8.8255e+01  -1.7186e+02
2.56812323e+06  -6.6052e+01  1.3892e+02  -8.2274e+01  1.0113e+02
2.54330725e+06  -5.5242e+01  1.4896e+02  -8.8461e+01  -5.2137e+01
2.51873107e+06  -6.4438e+01  -1.2949e+02  -8.7952e+01  1.5997e+01
2.49439238e+06  -6.0240e+01  1.4750e+02  -8.3635e+01  -8.1615e+01
2.47028887e+06  -5.7906e+01  -1.3401e+02  -8.3890e+01  -1.4519e+02
2.44641827e+06  -6.6954e+01  7.3921e+00  -8.6901e+01  1.6827e+02
2.42277834e+06  -6.1542e+01  6.2310e+01  -8.1639e+01  -1.5344e+02
2.39936684e+06  -5.5188e+01  1.0442e+02  -8.4100e+01  8.5470e+01
2.37618157e+06  -6.6758e+01  1.6716e+02  -8.5818e+01  1.0372e+02
2.35322034e+06  -6.2411e+01  -1.7233e+02  -8.3965e+01  1.2283e+02
2.33048098e+06  -6.1245e+01  1.0518e+02  -9.1839e+01  1.9575e+01
2.30796136e+06  -6.7229e+01  -7.1081e+01  -9.5005e+01  -1.5993e+02
2.28565935e+06  -7.5083e+01  -5.1147e+01  -8.8828e+01  1.1482e+02
2.26357284e+06  -7.8093e+01  2.9300e+01  -8.5818e+01  -1.6474e+02
2.24169976e+06  -7.2778e+01  -1.3958e+02  -8.5510e+01  7.3340e+00
2.22003804e+06  -5.7215e+01  -5.0977e+01  -9.4601e+01  -6.3506e+01
2.19858563e+06  -6.2530e+01  2.5112e+01  -9.8123e+01  -1.1758e+01
2.17734053e+06  -6.5589e+01  -7.6868e+00  -9.3280e+01  -7.9498e+01
2.15630071e+06  -6.2506e+01  -8.3035e+01  -8.1839e+01  -1.0084e+01
2.13546421e+06  -6.2411e+01  -6.3633e+00  -8.1763e+01  -2.4572e+01
2.11482905e+06  -6.3351e+01  -9.8728e+01  -9.3890e+01  -5.9666e+01
2.09439329e+06  -5.3838e+01  5.4425e+01  -8.3866e+01  6.2613e+01
2.07415500e+06  -5.5955e+01  7.1893e+00  -8.3973e+01  5.7836e+00
2.05411228e+06  -5.3944e+01  1.1293e+02  -9.6983e+01  1.4368e+02
2.03426323e+06  -5.0459e+01  1.0929e+02  -9.5112e+01  -1.5735e+02
2.01460598e+06  -4.9201e+01  1.5350e+02  -8.8829e+01  7.2292e+01
1.99513869e+06  -4.8744e+01  1.6614e+02  -1.0159e+02  1.2857e+02
1.97585951e+06  -4.8933e+01  -1.4714e+02  -8.8629e+01  -6.5670e+01
1.95676662e+06  -5.0416e+01  -1.2782e+02  -8.9489e+01  -2.9462e+01
1.93785823e+06  -5.1409e+01  -9.5082e+01  -8.2223e+01  -1.5966e+02
1.91913255e+06  -4.3786e+01  -8.6872e+01  -9.5113e+01  1.0523e+02
1.90058782e+06  -4.6148e+01  -6.3366e+01  -9.0759e+01  -1.3083e+02
1.88222229e+06  -4.2653e+01  -4.2467e+01  -8.1077e+01  -1.0498e+02
1.86403423e+06  -4.2059e+01  -8.2888e+00  -8.9766e+01  -7.9865e+01
1.84602192e+06  -3.9977e+01  2.8321e+01  -9.1839e+01  1.0643e+02
1.82818366e+06  -3.9164e+01  5.4244e+01  -9.0451e+01  -2.8502e+01
1.81051778e+06  -3.7563e+01  9.4421e+01  -8.6290e+01  -1.6657e+02
1.79302260e+06  -3.8343e+01  1.1264e+02  -9.1839e+01  1.0301e+02
1.77569649e+06  -3.7858e+01  1.5519e+02  -8.4204e+01  3.2191e+01
1.75853779e+06  -3.6897e+01  -1.7158e+02  -9.1639e+01  -8.6852e+00
1.74154490e+06  -4.2069e+01  -1.4177e+02  -8.9994e+01  3.7480e+01
1.72471622e+06  -4.3645e+01  -1.5886e+02  -8.7295e+01  -1.1386e+02
1.70805015e+06  -3.8562e+01  -1.5234e+02  -8.8829e+01  1.4254e+02
1.69154512e+06  -3.6182e+01  -1.0680e+02  -9.0164e+01  8.2438e+01
1.67519959e+06  -3.5981e+01  -6.5000e+01  -9.2048e+01  1.0795e+02
1.65901200e+06  -3.5918e+01  -2.6118e+01  -1.0113e+02  3.5342e+01
1.64298084e+06  -3.5354e+01  8.5632e+00  -9.2102e+01  4.2439e+01
1.62710459e+06  -3.9280e+01  5.0252e+01  -9.2102e+01  1.3142e+02
1.61138175e+06  -3.5844e+01  9.4700e+01  -7.9332e+01  -1.0207e+02
1.59581084e+06  -3.6546e+01  1.5605e+02  -8.9401e+01  4.7826e+01
1.58039039e+06  -3.7228e+01  -1.5097e+02  -9.1839e+01  -3.7558e+01
1.56511895e+06  -3.7514e+01  -1.2347e+02  -8.7051e+01  -7.9144e+01
1.54999509e+06  -3.4540e+01  -8.7286e+01  -9.6983e+01  2.1192e+01
1.53501736e+06  -3.1324e+01  -6.0046e+01  -9.5005e+01  -1.3242e+02
1.52018437e+06  -2.8962e+01  -2.1329e+01  -8.6983e+01  -5.2294e+01
1.50549471e+06  -2.6898e+01  8.8503e+00  -9.4601e+01  3.3579e+01
1.49094699e+06  -2.5861e+01  5.3381e+01  -8.7870e+01  -9.8688e+00
1.47653985e+06  -2.6758e+01  8.2966e+01  -8.2441e+01  -6.7749e+01
1.46227193e+06  -2.7440e+01  1.0812e+02  -8.6164e+01  -1.5938e+02
1.44814188e+06  -2.8456e+01  1.3933e+02  -8.0843e+01  6.9890e+01
1.43414837e+06  -2.8908e+01  1.3553e+02  -8.1639e+01  -1.2714e+02
1.42029008e+06  -2.7637e+01  1.6168e+02  -9.3280e+01  1.4172e+02
1.40656571e+06  -2.6588e+01  1.7511e+02  -8.2732e+01  -8.1071e+00
1.39297395e+06  -2.5167e+01  -1.5686e+02  -8.5451e+01  6.1866e+01
1.37951354e+06  -2.6692e+01  -1.3693e+02  -9.1221e+01  1.3390e+02
1.36618319e+06  -2.4740e+01  -1.1404e+02  -8.3890e+01  -1.7947e+02
1.35298165e+06  -2.3734e+01  -7.7219e+01  -8.7241e+01  -1.5625e+02
1.33990768e+06  -3.1180e+01  -1.4354e+01  -9.5451e+01  7.6881e+01
1.32696005e+06  -2.9477e+01  -1.4772e+02  -9.1839e+01  1.2611e+02
1.31413753e+06  -2.3572e+01  -9.3005e+01  -8.7953e+01  5.0993e+01
1.30143892e+06  -2.1141e+01  -5.8931e+01  -8.6290e+01  1.7494e+01
1.28886301e+06  -2.2828e+01  -3.6477e+01  -8.5178e+01  1.2397e+02
1.27640862e+06  -1.9899e+01  -1.2200e+01  -9.1221e+01  1.2725e+02
1.26407459e+06  -2.1590e+01  3.7107e+01  -8.4303e+01  1.1153e+02
1.25185973e+06  -2.7418e+01  5.3837e+01  -9.0164e+01  1.6036e+02
1.23976291e+06  -3.2253e+01  2.5975e+01  -9.4231e+01  1.6989e+02
1.22778299e+06  -3.4689e+01  9.0866e+00  -8.9549e+01  -1.0882e+01
1.21591882e+06  -2.2242e+01  -1.1646e+01  -8.6539e+01  -1.4665e+02
1.20416930e+06  -1.7476e+01  2.7036e+01  -9.0164e+01  1.4162e+01
1.19253332e+06  -1.5700e+01  7.4999e+01  -8.5656e+01  -7.7952e+01
1.18100978e+06  -1.7300e+01  8.9823e+01  -1.0210e+02  -5.8896e+01
1.16959759e+06  -1.5593e+01  1.0685e+02  -8.3769e+01  6.5503e+01
1.15829567e+06  -1.4915e+01  1.2260e+02  -9.5005e+01  1.1330e+02
1.14710297e+06  -1.2073e+01  1.4542e+02  -8.2808e+01  1.3145e+02
1.13601842e+06  -1.0059e+01  -1.7432e+02  -1.0113e+02  -8.8360e+01
1.12504099e+06  -9.9491e+00  -1.3701e+02  -1.0414e+02  1.3593e+02
1.11416963e+06  -1.2627e+01  -9.1712e+01  -8.9430e+01  6.2335e+01
1.10340332e+06  -1.6971e+01  -7.0022e+01  -8.6510e+01  6.7737e+01
1.09274105e+06  -2.6699e+01  -6.8002e+01  -8.8189e+01  -1.0550e+02
1.08218180e+06  -2.1660e+01  -7.4677e+01  -8.5618e+01  3.7730e+01
1.07172459e+06  -2.1155e+01  -3.6398e+01  -8.2441e+01  1.4196e+02
1.06136844e+06  -2.5826e+01  -2.1543e+01  -9.0451e+01  1.0208e+02
1.05111235e+06  -2.6140e+01  4.3745e+01  -8.9798e+01  -1.4323e+02
1.04095537e+06  -1.8346e+01  1.1725e+02  -9.2500e+01  1.3652e+02
1.03089653e+06  -1.9845e+01  -1.3925e+02  -8.2827e+01  6.8634e+01
1.02093490e+06  -1.9447e+01  1.7318e+02  -8.0306e+01  -1.3265e+02
1.01106952e+06  -1.1826e+01  -1.6983e+02  -9.0451e+01  9.8843e+01
1.00129948e+06  -3.9224e+00  -1.1777e+02  -8.5908e+01  -1.2494e+02
9.91623843e+05  -3.4955e+00  -5.3060e+01  -8.6290e+01  1.3027e+02
9.82041704e+05  -4.9732e+00  -1.0902e+01  -9.1591e+01  -8.2823e+00
9.72552157e+05  -6.7451e+00  1.7294e+01  -8.5145e+01  1.3515e+02
9.63154309e+05  -1.0918e+01  1.0724e+01  -9.2500e+01  1.7262e+02
9.53847273e+05  -9.1284e+00  1.7570e+01  -8.3636e+01  -8.8811e-01
9.44630171e+05  -7.9449e+00  3.9511e+01  -7.8629e+01  -6.0558e+01
9.35502135e+05  -6.5494e+00  5.4229e+01  -8.5845e+01  -7.4716e+01
9.26462304e+05  -7.4415e+00  9.0634e+01  -8.9766e+01  -1.4028e+02
9.17509826e+05  -1.5389e+01  6.8513e+01  -8.4041e+01  -7.5876e+01
9.08643856e+05  -6.6636e+00  7.6784e+01  -9.0164e+01  3.1988e+01
8.99863559e+05  -2.7823e+00  9.7957e+01  -8.4768e+01  3.2048e+00
8.91168106e+05  -9.4086e-01  1.3783e+02  -9.2500e+01  -5.3129e+01
8.82556678e+05  -2.0062e+00  -1.6546e+02  -8.6014e+01  -1.2631e+02
8.74028464e+05  -7.8592e+00  -1.5844e+02  -9.7154e+01  3.1923e+00
8.65582658e+05  -1.6097e+01  -1.0668e+02  -8.9994e+01  -1.0897e+02
8.57218464e+05  -1.6006e+01  -7.4659e+00  -8.3675e+01  -8.8376e+01
8.48935094e+05  -9.6351e+00  1.1990e+02  -8.4205e+01  1.3694e+02
8.40731767e+05  -3.6347e+00  1.6934e+02  -9.2103e+01  1.1761e+02
8.32607710e+05  -4.0663e+00  -1.4476e+02  -8.8630e+01  1.3066e+02
8.24562156e+05  -7.0626e+00  -1.2704e+02  -9.6509e+01  1.2133e+02
8.16594347e+05  -4.2186e+00  -1.4327e+02  -8.9174e+01  -9.8768e+01
8.08703531e+05  -2.9578e+00  -1.2335e+02  -8.3636e+01  7.9759e+01
8.00888965e+05  -8.3741e-01  -9.6446e+01  -8.8580e+01  -1.1826e+01
7.93149912e+05  -3.9865e-01  -8.2892e+01  -8.8829e+01  5.5509e+01
7.85485642e+05  1.6150e+00  -4.1016e+01  -8.6479e+01  -1.4994e+02
7.77895432e+05  1.6125e+00  -4.5544e+00  -9.3004e+01  2.0383e+01
7.70378567e+05  -5.4286e-01  4.1682e+01  -8.7952e+01  1.0595e+02
7.62934338e+05  -4.0949e+00  5.6197e+01  -8.4525e+01  -3.4312e+00
7.55562043e+05  -7.2716e+00  9.5284e+01  -8.3469e+01  2.4244e+01
7.48260988e+05  -1.1815e+01  6.6708e+01  -8.6290e+01  1.2498e+02
7.41030483e+05  -1.1385e+01  9.2601e+01  -8.4650e+01  7.9182e+01
7.33869847e+05  -9.8463e+00  1.0405e+02  -8.2808e+01  1.4819e+01
7.26778404e+05  -8.6887e+00  1.2946e+02  -8.7460e+01  -1.0156e+02
7.19755487e+05  -8.2443e+00  1.7062e+02  -9.1639e+01  7.8386e+01
7.12800433e+05  -1.4022e+01  -1.3782e+02  -9.2561e+01  9.3286e-01
7.05912586e+05  -2.1297e+01  -1.3125e+02  -8.3113e+01  -1.2767e+02
6.99091297e+05  -2.1962e+01  -1.2482e+02  -8.6014e+01  -2.5511e+01
6.92335923e+05  -1.4315e+01  -1.2668e+02  -8.1195e+01  -1.2622e+02
6.85645826e+05  -1.1653e+01  -9.1093e+01  -8.7749e+01  1.0588e+02
6.79020376e+05  -1.0140e+01  -4.7885e+01  -8.3470e+01  1.0931e+02
6.72458949e+05  -1.1854e+01  7.0331e+00  -8.6901e+01  5.3953e+01
6.65960925e+05  -2.0992e+01  6.9032e+01  -8.1885e+01  -9.3483e+01
6.59525692e+05  -2.1884e+01  -4.2579e+01  -7.9978e+01  3.7736e+01
6.53152643e+05  -1.3899e+01  -7.0294e+01  -8.3345e+01  1.4386e+02
6.46841178e+05  -6.7521e+00  -3.1163e+01  -8.9520e+01  4.6446e+01
6.40590700e+05  -4.1612e+00  6.3662e+00  -8.5058e+01  1.0471e+02
6.34400622e+05  -2.8880e+00  5.8871e+01  -8.7612e+01  -1.2249e+01
6.28270359e+05  -4.2008e+00  7.5524e+01  -9.3004e+01  -1.9769e+01
6.22199333e+05  -5.8046e+00  1.1203e+02  -8.6177e+01  -7.1961e+00
6.16186971e+05  -7.9505e+00  1.6866e+02  -8.0503e+01  -1.1222e+02
6.10232708e+05  -3.1860e+01  1.4645e+02  -8.6480e+01  -1.6123e+02
6.04335981e+05  -1.2806e+01  1.0993e+02  -8.4602e+01  -4.2926e+01
5.98496235e+05  -1.0926e+01  -1.6931e+02  -8.5369e+01  -8.5941e+01
5.92712918e+05  -1.3657e+01  -5.5714e+01  -8.9995e+01  -1.3931e+01
5.86985487e+05  -1.0445e+01  -2.5501e+00  -8.3004e+01  1.1652e+02
5.81313400e+05  -3.5337e+00  6.0456e+01  -9.3891e+01  -1.5849e+02
5.75696122e+05  -2.3954e+00  1.3884e+02  -1.0113e+02  1.0866e+02
5.70133125e+05  -4.0234e+00  -7.9177e+01  -7.6292e+01  9.1322e+01
5.64623884e+05  -5.3627e+00  5.3404e+00  -8.6392e+01  -6.3624e+01
5.59167879e+05  -3.8785e+00  3.2434e+01  -9.3280e+01  -3.7728e+00
5.53764595e+05  -5.1503e+00  7.1595e+01  -8.5370e+01  -4.2427e+01
5.48413524e+05  -3.0364e+00  7.2306e+01  -7.9667e+01  9.1225e+01
5.43114161e+05  -1.0760e+00  8.1257e+01  -8.1525e+01  -1.7922e+02
5.37866006e+05  1.5238e+00  9.5407e+01  -9.0963e+01  4.5970e+01
5.32668565e+05  5.0826e+00  1.2185e+02  -8.9286e+01  4.8361e+01
5.27521346e+05  5.3459e+00  1.6011e+02  -8.3005e+01  8.4335e+00
5.22423866e+05  3.6042e+00  -1.7487e+02  -8.6291e+01  -4.3094e+01
5.17375643e+05  2.6189e+00  -1.7077e+02  -8.7154e+01  -9.1355e+01
5.12376201e+05  2.7862e+00  -1.4739e+02  -8.2097e+01  -8.8988e+01
5.07425069e+05  2.6679e+00  -1.2617e+02  -8.5006e+01  1.7979e+02
5.02521781e+05  3.4107e-02  -1.0191e+02  -9.5819e+01  6.3346e+01
4.97665873e+05  -8.0534e+00  -1.1908e+02  -8.9174e+01  -2.9320e+01
4.92856889e+05  -8.6138e+00  -1.3767e+02  -9.1839e+01  -8.8416e+00
4.88094374e+05  -5.3556e-02  -1.5470e+02  -8.2251e+01  -6.2414e+00
4.83377879e+05  -2.1784e+00  -1.2408e+02  -8.4041e+01  -1.3851e+01
4.78706961e+05  -2.8055e+00  -1.3336e+02  -8.0964e+01  2.3723e+01
4.74081177e+05  6.3829e-01  -1.3206e+02  -8.9490e+01  1.4499e+02
4.69500094e+05  3.1507e-01  -1.1269e+02  -8.6292e+01  1.0701e+02
4.64963277e+05  -8.1632e-01  -1.0173e+02  -8.8985e+01  -8.6976e+00
4.60470300e+05  -7.8528e-01  -9.9475e+01  -8.2853e+01  -8.7880e+01
4.56020739e+05  -3.0569e+00  -1.0051e+02  -8.0881e+01  -1.3999e+02
4.51614175e+05  -6.2496e-01  -1.1098e+02  -8.2537e+01  -1.0289e+02
4.47250192e+05  -9.6773e-01  -1.0994e+02  -8.1640e+01  -4.7609e+01
4.42928378e+05  3.2050e+00  -1.0990e+02  -8.7260e+01  -1.1263e+01
4.38648326e+05  2.5576e+00  -9.3797e+01  -8.3699e+01  -4.9469e+01
4.34409632e+05  5.9457e+00  -1.0232e+02  -9.0882e+01  -3.2952e+01
4.30211898e+05  8.3066e+00  -9.2909e+01  -9.3892e+01  -1.6822e+02
4.26054726e+05  9.9998e+00  -7.4965e+01  -9.6510e+01  -1.7435e+02
4.21937726e+05  1.0539e+01  -5.2728e+01  -8.7035e+01  -1.5639e+02
4.17860508e+05  9.7832e+00  -3.9417e+01  -8.0144e+01  4.3316e+01
4.13822689e+05  1.1198e+01  -3.4777e+01  -8.7261e+01  7.6861e+01
4.09823888e+05  1.0137e+01  -3.6573e+00  -8.1840e+01  5.7373e+01
4.05863727e+05  8.3086e+00  -2.0789e+00  -8.2059e+01  6.5443e+01
4.01941834e+05  7.5359e+00  -4.0981e-01  -9.3005e+01  1.0878e+02
3.98057838e+05  7.9397e+00  1.0216e+01  -8.5370e+01  1.7114e+02
3.94211374e+05  5.6691e+00  3.3290e-01  -8.3501e+01  2.0639e+01
3.90402078e+05  5.8778e+00  -3.7538e+00  -8.0690e+01  8.2422e+01
3.86629592e+05  8.6909e+00  -1.3377e+01  -8.6710e+01  8.2179e+01
3.82893560e+05  1.2515e+01  7.7820e+00  -9.2808e+01  -1.6936e+02
3.79193629e+05  1.1602e+01  1.5896e+01  -7.8806e+01  -7.7171e+00
3.75529451e+05  1.0546e+01  2.2051e+01  -8.8124e+01  1.2233e+02
3.71900681e+05  1.1482e+01  1.7950e+01  -7.7701e+01  -9.2600e+01
3.68306975e+05  1.4134e+01  2.1596e+01  -8.2966e+01  6.2394e+01
3.64747996e+05  1.5721e+01  3.7280e+01  -8.8462e+01  -1.2523e+01
3.61223407e+05  1.7609e+01  5.0788e+01  -8.0073e+01  9.5349e+01
3.57732877e+05  1.8157e+01  6.8340e+01  -8.3637e+01  -4.5937e+00
3.54276076e+05  1.8721e+01  9.6156e+01  -1.0113e+02  -8.5605e+01
3.50852678e+05  1.5706e+01  1.1862e+02  -8.4313e+01  -2.4239e+01
3.47462361e+05  1.3713e+01  1.2246e+02  -9.3974e+01  -1.0130e+02
3.44104805e+05  1.1175e+01  1.1845e+02  -8.6467e+01  1.0546e+02
3.40779693e+05  1.1224e+01  1.1297e+02  -8.2360e+01  1.6885e+02
3.37486712e+05  1.1320e+01  1.1508e+02  -8.2530e+01  -1.4318e+02
3.34225551e+05  1.0293e+01  1.1564e+02  -8.8631e+01  3.4532e+01
3.30995903e+05  9.3216e+00  9.6923e+01  -8.8984e+01  1.4999e+02
3.27797464e+05  1.2493e+01  9.1548e+01  -7.8426e+01  1.1644e+02
3.24629931e+05  1.4838e+01  9.4987e+01  -8.5820e+01  -5.6552e+01
3.21493006e+05  1.6337e+01  1.0762e+02  -8.9766e+01  4.0700e+01
3.18386394e+05  1.6965e+01  1.1792e+02  -8.3965e+01  1.3933e+02
3.15309801e+05  1.6583e+01  1.2612e+02  -8.0198e+01  -1.0427e+02
3.12262938e+05  1.7609e+01  1.1873e+02  -7.8148e+01  -1.1215e+02
3.09245516e+05  1.9803e+01  1.2347e+02  -7.9758e+01  2.3022e+01
3.06257252e+05  2.1288e+01  1.4025e+02  -8.1670e+01  -1.7992e+02
3.03297864e+05  2.1836e+01  1.4687e+02  -7.8869e+01  -2.7430e+01
3.00367073e+05  2.1174e+01  1.6632e+02  -9.3005e+01  -4.0899e+01
2.97464602e+05  2.0782e+01  1.5590e+02  -8.7690e+01  -9.0485e+01
2.94590178e+05  2.3171e+01  1.5604e+02  -8.2608e+01  -1.4802e+02
2.91743530e+05  2.4775e+01  1.7218e+02  -8.0685e+01  6.0148e+01
2.88924389e+05  2.5394e+01  1.7768e+02  -8.5247e+01  1.7466e+02
2.86132490e+05  2.7217e+01  -1.7427e+02  -8.8279e+01  4.8695e+01
2.83367569e+05  2.8374e+01  -1.6155e+02  -8.5017e+01  -1.7027e+02
2.80629366e+05  3.1208e+01  -1.5669e+02  -8.5621e+01  1.6608e+02
2.77917623e+05  3.3791e+01  -1.2245e+02  -8.3975e+01  1.4578e+02
2.75232083e+05  3.2438e+01  -8.7608e+01  -7.9302e+01  -1.5933e+02
2.72572493e+05  3.0535e+01  -6.8726e+01  -9.7154e+01  -1.6244e+02
2.69938604e+05  2.8244e+01  -5.4730e+01  -8.2321e+01  -2.9074e+01
2.67330166e+05  2.6130e+01  -5.2759e+01  -8.9996e+01  9.1972e+01
2.64746933e+05  2.6775e+01  -5.3684e+01  -8.2531e+01  -5.7871e+01
2.62188663e+05  2.7240e+01  -3.4865e+01  -8.4650e+01  1.3833e+02
2.59655113e+05  2.5605e+01  -1.6245e+01  -8.8830e+01  -1.5887e+02
2.57146045e+05  2.2650e+01  -7.9944e+00  -8.1725e+01  -1.3947e+02
2.54661223e+05  2.0752e+01  -1.1865e+01  -8.1095e+01  -1.0177e+02
2.52200411e+05  2.0270e+01  -1.6776e+01  -8.1291e+01  1.9943e+01
2.49763379e+05  2.0963e+01  -1.7476e+01  -8.9767e+01  3.6078e+01
2.47349895e+05  2.0926e+01  -7.6610e+00  -7.6526e+01  2.5577e+01
2.44959734e+05  2.0204e+01  -2.3065e+00  -8.7035e+01  1.0221e+02
2.42592669e+05  1.9791e+01  5.2966e-01  -8.5059e+01  -1.0932e+01
2.40248476e+05  1.9146e+01  4.9035e+00  -9.6511e+01  1.7368e+02
2.37926936e+05  1.8162e+01  4.2820e+00  -8.5236e+01  1.3580e+02
2.35627830e+05  1.7724e+01  1.4668e+00  -8.3893e+01  -1.6233e+02
2.33350939e+05  1.9224e+01  -4.3535e+00  -8.2050e+01  3.3472e+01
2.31096051e+05  2.1297e+01  2.7874e-01  -8.2140e+01  1.2140e+02
2.28862951e+05  2.1311e+01  1.5247e+01  -7.8137e+01  1.6070e+02
2.26651431e+05  2.1364e+01  2.5299e+01  -8.2537e+01  -2.7382e+01
2.24461280e+05  2.0636e+01  3.3071e+01  -8.0964e+01  9.7339e+01
2.22292293e+05  2.0379e+01  3.6765e+01  -8.3801e+01  1.2979e+02
2.20144265e+05  2.0162e+01  3.8063e+01  -8.4740e+01  3.0885e+01
2.18016994e+05  2.1479e+01  3.8148e+01  -9.0064e+01  -3.0951e+01
2.15910278e+05  2.2402e+01  4.4020e+01  -8.4946e+01  -8.7397e+01
2.13823920e+05  2.5112e+01  5.4365e+01  -8.0702e+01  -1.2000e+02
2.11757723e+05  2.6308e+01  7.7818e+01  -8.0046e+01  -9.9343e+01
2.09711491e+05  2.6809e+01  1.0776e+02  -7.8738e+01  1.6326e+02
2.07685032e+05  2.4325e+01  1.3507e+02  -8.7313e+01  1.1831e+02
2.05678156e+05  2.2436e+01  1.5031e+02  -8.6647e+01  -9.4100e+01
2.03690671e+05  1.9880e+01  -1.7864e+02  -9.5005e+01  -1.2821e+02
2.01722392e+05  1.4810e+01  -1.6451e+02  -8.0995e+01  -1.6165e+02
1.99773133e+05  9.4272e+00  -1.6117e+02  -8.9767e+01  -1.4714e+02
1.97842709e+05  4.9112e+00  -1.7696e+02  -8.2778e+01  -1.2070e+02
1.95930940e+05  4.1138e+00  1.6061e+02  -8.9177e+01  1.3124e+02
1.94037643e+05  5.0971e+00  1.6737e+02  -8.0502e+01  -5.3192e+01
1.92162642e+05  -1.2385e-01  1.7870e+02  -9.1641e+01  -1.9622e+01
1.90305760e+05  -1.0450e-01  1.3579e+02  -8.8282e+01  1.3252e+02
1.88466820e+05  3.5630e+00  1.5477e+02  -8.2225e+01  -1.5332e+02
1.86645650e+05  3.3251e+00  -1.6434e+02  -7.9826e+01  -1.0353e+01
1.84842079e+05  1.0366e+00  -1.2890e+02  -8.4771e+01  4.7129e+01
1.83055935e+05  5.5100e+00  -8.4097e+01  -7.7936e+01  -1.5812e+02
1.81287051e+05  7.2310e+00  -3.2506e+01  -9.5570e+01  1.1682e+01
1.79535260e+05  8.5819e+00  -1.6868e+00  -8.7262e+01  5.1375e+01
1.77800397e+05  8.4917e+00  1.3841e+01  -7.6751e+01  -3.0448e+01
1.76082297e+05  1.1038e+01  3.0120e+01  -7.9166e+01  -1.1234e+02
1.74380800e+05  1.0697e+01  4.6457e+01  -8.4860e+01  1.3029e+02
1.72695745e+05  1.1666e+01  6.4671e+01  -8.8461e+01  1.5510e+02
1.71026972e+05  1.0217e+01  7.9503e+01  -7.8659e+01  7.2628e+01
1.69374325e+05  8.0611e+00  8.3971e+01  -9.6984e+01  -3.9545e-01
1.67737648e+05  5.9682e+00  8.0999e+01  -7.9522e+01  1.1448e+02
1.66116785e+05  4.6623e+00  6.2132e+01  -8.1462e+01  1.6751e+02
1.64511586e+05  7.8999e+00  4.5725e+01  -7.8525e+01  -9.9955e+01
1.62921897e+05  1.2226e+01  5.0236e+01  -8.2831e+01  -7.7299e+01
1.61347570e+05  1.3740e+01  7.6131e+01  -7.7595e+01  2.5018e+01
1.59788456e+05  1.2701e+01  9.1038e+01  -7.9691e+01  -1.0008e+02
1.58244407e+05  1.1375e+01  9.6130e+01  -8.8755e+01  1.0894e+02
1.56715279e+05  1.0846e+01  9.1814e+01  -7.8859e+01  5.9138e+00
1.55200927e+05  1.2666e+01  9.0607e+01  -7.9982e+01  5.8368e+01
1.53701208e+05  1.3068e+01  1.0528e+02  -8.9291e+01  -4.1317e+00
1.52215981e+05  1.2675e+01  1.1014e+02  -7.7120e+01  -4.4919e+01
1.50745106e+05  1.2397e+01  1.1894e+02  -8.0384e+01  1.6018e+02
1.49288445e+05  1.1687e+01  1.2258e+02  -7.9211e+01  -7.1634e+01
1.47845858e+05  1.1614e+01  1.2551e+02  -7.9622e+01  1.1652e+02
1.46417212e+05  1.0989e+01  1.2811e+02  -7.8757e+01  -7.0876e+01
1.45002371e+05  1.0673e+01  1.2998e+02  -8.4587e+01  -3.1842e+01
1.43601202e+05  1.0150e+01  1.3146e+02  -8.4281e+01  -1.6814e+02
1.42213572e+05  9.7865e+00  1.2935e+02  -9.1138e+01  1.5229e+02
1.40839351e+05  1.0026e+01  1.2862e+02  -9.0167e+01  1.2564e+02
1.39478409e+05  1.0697e+01  1.2920e+02  -7.8444e+01  -1.7500e+02
1.38130618e+05  1.0440e+01  1.3429e+02  -8.1476e+01  -1.6164e+02
1.36795851e+05  1.0347e+01  1.3676e+02  -8.7259e+01  -4.1379e+01
1.35473982e+05  1.0221e+01  1.3498e+02  -8.0736e+01  3.3747e+01
1.34164887e+05  1.0951e+01  1.3686e+02  -8.0513e+01  -1.2874e+02
1.32868441e+05  1.1341e+01  1.4279e+02  -7.9979e+01  1.0333e+02
1.31584522e+05  1.0838e+01  1.4936e+02  -8.4349e+01  -9.7466e+01
1.30313011e+05  1.0307e+01  1.5070e+02  -8.8128e+01  2.6727e-01
1.29053786e+05  1.0316e+01  1.5050e+02  -8.1093e+01  -1.5896e+02
1.27806729e+05  1.0318e+01  1.5315e+02  -7.8672e+01  -4.3530e+01
1.26571722e+05  1.0700e+01  1.5544e+02  -7.4728e+01  1.1625e+01
1.25348650e+05  1.0665e+01  1.5974e+02  -8.2255e+01  1.3577e+02
1.24137396e+05  9.8446e+00  1.5970e+02  -8.5073e+01  -1.7771e+02
1.22937847e+05  1.0032e+01  1.6096e+02  -8.2227e+01  -9.6612e+01
1.21749888e+05  1.0370e+01  1.5853e+02  -8.6085e+01  1.2441e+02
1.20573410e+05  1.0579e+01  1.5952e+02  -9.1222e+01  -1.2723e+02
1.19408299e+05  1.1661e+01  1.6734e+02  -1.0415e+02  -1.4574e+02
1.18254447e+05  1.1751e+01  1.7124e+02  -8.3150e+01  -1.6781e+02
1.17111745e+05  1.1981e+01  -1.7801e+02  -7.7627e+01  -3.8308e+01
1.15980085e+05  9.6766e+00  -1.6899e+02  -9.1640e+01  -2.4532e+01
1.14859361e+05  7.8111e+00  -1.7623e+02  -7.7739e+01  1.4587e+02
1.13749466e+05  8.5755e+00  1.7641e+02  -8.0259e+01  1.2829e+02
1.12650295e+05  9.0857e+00  1.7693e+02  -8.0396e+01  1.6144e+02
1.11561747e+05  9.1236e+00  1.7810e+02  -7.8149e+01  1.3946e+02
1.10483717e+05  9.2726e+00  1.7857e+02  -7.6525e+01  5.3627e+01
1.09416104e+05  9.1831e+00  -1.7921e+02  -7.9031e+01  -1.2895e+02
1.08358808e+05  8.8903e+00  -1.7902e+02  -8.2187e+01  -1.1784e+02
1.07311728e+05  9.1423e+00  -1.7907e+02  -7.9801e+01  3.9744e+01
1.06274766e+05  9.2064e+00  -1.7883e+02  -7.9465e+01  1.1197e+02
1.05247825e+05  9.2163e+00  -1.7725e+02  -7.8275e+01  -1.5602e+02
1.04230807e+05  9.1506e+00  -1.7793e+02  -7.5125e+01  1.0125e+02
1.03223616e+05  1.0008e+01  -1.7721e+02  -8.4255e+01  1.0185e+02
1.02226158e+05  9.8708e+00  -1.7223e+02  -7.9355e+01  8.4699e+01
1.01238339e+05  9.8083e+00  -1.7095e+02  -8.5421e+01  1.1777e+02
1.00260065e+05  9.8880e+00  -1.6959e+02  -1.0415e+02  -1.1010e+02
9.92912437e+04  9.6980e+00  -1.6833e+02  -8.2548e+01  1.4140e+02
9.83317846e+04  1.0072e+01  -1.6722e+02  -8.0170e+01  1.7821e+02
9.73815968e+04  9.7568e+00  -1.6199e+02  -7.6985e+01  -1.6241e+02
9.64405908e+04  9.7466e+00  -1.6321e+02  -7.8296e+01  -1.0801e+02
9.55086777e+04  9.7529e+00  -1.5709e+02  -8.4857e+01  -1.3475e+02
9.45857698e+04  8.9591e+00  -1.5268e+02  -7.8522e+01  2.6651e+01
9.36717801e+04  7.8765e+00  -1.5429e+02  -8.3584e+01  3.9060e+01
9.27666223e+04  7.7308e+00  -1.6056e+02  -9.6986e+01  -5.3321e+00
9.18702111e+04  8.2693e+00  -1.6283e+02  -7.9724e+01  5.9666e+01
9.09824620e+04  8.5450e+00  -1.6186e+02  -7.3148e+01  1.3780e+02
9.01032913e+04  8.9116e+00  -1.6154e+02  -8.4659e+01  -1.7963e+02
8.92326160e+04  8.7898e+00  -1.6132e+02  -7.8386e+01  -5.5323e+01
8.83703542e+04  9.4893e+00  -1.6105e+02  -8.4234e+01  -1.5587e+02
8.75164245e+04  9.7061e+00  -1.5839e+02  -8.7059e+01  -1.7436e+02
8.66707464e+04  9.6672e+00  -1.5716e+02  -8.5573e+01  -6.5980e+01
8.58332401e+04  9.7331e+00  -1.5578e+02  -7.4637e+01  -1.1911e+02
8.50038268e+04  9.5181e+00  -1.5615e+02  -7.9987e+01  1.0241e+01
8.41824281e+04  1.0082e+01  -1.5686e+02  -8.0239e+01  -8.1305e+01
8.33689666e+04  1.1015e+01  -1.5619e+02  -8.0403e+01  -1.2017e+02
